0 0.02615470467032967 0.020278159340659338 0.05301339285714285 0.04149496336996337
0 0.028086366758241763 0.09225045787545787 0.05687671703296703 0.11160714285714285
0 0.06671960851648351 0.03501602564102565 0.05515968406593407 0.07097069597069597
0 0.10513822115384615 0.05862522893772894 0.029404189560439553 0.03462683150183151
0 0.1570784684065934 0.025715430402930402 0.06202781593406595 0.05294184981684981
0 0.2056919642857143 0.021422847985347986 0.03605769230769231 0.043211996336996336
0 0.2401399381868132 0.031152701465201462 0.06245707417582418 0.0626717032967033
0 0.08142170329670328 0.0868131868131868 0.045501373626373624 0.0383470695970696
0 0.1737122252747253 0.11142399267399267 0.08284684065934063 0.11790293040293041
0 0.1429129464285714 0.17896062271062269 0.09422218406593408 0.1488095238095238
0 0.07443633703481393 0.23704106642657063 0.03245048019207684 0.03701480592236897
0 0.0159375 0.17776041666666664 0.0321875 0.05822916666666667
0 0.0276171875 0.245 0.056171874999999996 0.084375
0 0.05390625 0.2740104166666667 0.037968749999999996 0.044270833333333336
0 0.074453125 0.3013541666666667 0.03859375000000001 0.057291666666666664
0 0.09870756172839507 0.3606481481481482 0.05623070987654322 0.08269032921810701
0 0.07666859567901235 0.42539866255144027 0.07175925925925926 0.07150205761316872
0 0.12904128086419756 0.4401877572016461 0.03954475308641976 0.06841563786008227
0 0.03509837962962963 0.3479809670781894 0.07156635802469136 0.11805555555555554
0 0.04141589506172841 0.5590792181069959 0.01919367283950618 0.027906378600822988
0 0.02217399691358025 0.5784336419753087 0.03375771604938272 0.03034979423868312
0 0.08264853395061729 0.5956661522633745 0.06905864197530866 0.07278806584362141
0 0.030516975308641975 0.6339891975308642 0.06182484567901236 0.08770576131687235
0 0.012239583333333335 0.7110853909465021 0.02507716049382716 0.06262860082304525
0 0.015904706790123457 0.7677983539094649 0.032407407407407406 0.057227366255143984
0 0.9689814814814816 0.9796617798353909 0.0546875 0.03650977366255136
0 0.9493055555555557 0.9257201646090536 0.0836226851851853 0.1261574074074075
0 0.9314139660493828 0.832741769547325 0.03626543209876552 0.06314300411522637
0 0.9056616512345681 0.7955118312757202 0.03549382716049383 0.03883744855967078
0 0.9668113425925928 0.8036779835390947 0.05960648148148149 0.11792695473251022
0 0.539501953125 0.3449462890625 0.06256103515625 0.067138671875
0 0.60572509765625 0.27394205729166665 0.10650634765625 0.15136718750000003
0 0.659893798828125 0.22023111979166662 0.0372314453125 0.045572916666666664
0 0.691326904296875 0.24057617187499997 0.037841796875 0.047200520833333336
0 0.6629807692307692 0.3090294471153846 0.03774789663461542 0.071864983974359
0 0.6985689603365386 0.3081530448717949 0.05258413461538458 0.08363381410256411
0 0.6619478665865386 0.3753856169871794 0.05784254807692309 0.061348157051282055
0 0.7871168870192309 0.3467147435897435 0.03436748798076934 0.04256810897435894
0 0.5694561298076923 0.3852764423076923 0.05540114182692309 0.07061298076923078
0 0.6484262319711539 0.9437950721153846 0.04281850961538467 0.04081530448717944
0 0.6118051382211539 0.8950921474358974 0.05934495192307701 0.09765625
0 0.6339655949519232 0.9789763621794871 0.05859375 0.03655849358974367
0 0.6568772536057692 0.654707532051282 0.08225661057692309 0.09815705128205121
0 0.7277719350961539 0.6060046073717948 0.07080078125 0.08138020833333333
0 0.7634540264423078 0.6578375400641026 0.09784405048076926 0.08638822115384623
0 0.6928410456730769 0.7611278044871794 0.0362454927884615 0.05859375
0 0.698193359375 0.7027844551282051 0.06047175480769234 0.06911057692307689
0 0.6299278846153846 0.759375 0.08845402644230767 0.11418269230769222
0 0.7693697415865385 0.8619140625 0.032677283653846166 0.03781049679487178
0 0.8040189302884615 0.9679587339743588 0.052771935096153924 0.059595352564102554
0 0.7488055889423078 0.9918719951923076 0.052396334134615336 0.01176883012820511
0 0.7960374098557694 0.9011017628205128 0.030048076923077094 0.048076923076923114
0 0.6941556490384615 0.859785657051282 0.11587289663461542 0.127704326923077
0 0.7425142728365386 0.9385366586538461 0.1171875000000001 0.10992588141025644
0 0.8372596153846154 0.9255158253205129 0.05690354567307683 0.06936097756410256
0 0.8874962439903847 0.9228866185897435 0.04169170673076934 0.05859375
0 0.900360576923077 0.9722155448717948 0.07192758413461534 0.05058092948717944
0 0.8498422475961539 0.9853165064102565 0.04638671875 0.02520032051282056
0 0.9888146033653847 0.9411658653846153 0.010329026442307666 0.08062900641025633
0 0.8894681490384617 0.8503956330128204 0.06178635817307683 0.084385016025641
0 0.8177283653846154 0.852774439102564 0.07831280048076926 0.07512019230769233
0 0.837635216346154 0.7911758814102564 0.06178635817307683 0.06961137820512822
0 0.8766038161057694 0.7610026041666667 0.08563701923076916 0.07687299679487178
0 0.7743464543269232 0.759375 0.1245117187500001 0.14272836538461534
0 0.821014873798077 0.6701071714743588 0.01802884615384617 0.028295272435897443
0 0.7901216947115386 0.6021233974358975 0.04488431490384635 0.06109775641025644
0 0.8447716346153847 0.6190254407051282 0.06554236778846168 0.09390024038461534
0 0.8903132512019231 0.684004407051282 0.12169471153846151 0.09114583333333333
0 0.9477801983173079 0.7352113381410257 0.05859375 0.07036258012820511
0 0.9854341947115387 0.7228165064102564 0.017465444711538502 0.04306891025641034
0 0.988720703125 0.6867588141025641 0.010892427884615509 0.02353766025641022
0 0.9677809495192309 0.6494491185897435 0.052771935096154014 0.07361778846153844
0 0.9871506605691057 0.07890413279132791 0.017276422764227563 0.043021680216802166
0 0.9618076727642276 0.029107384823848236 0.06796239837398375 0.060298102981029805
0 0.9403391768292683 0.10380250677506773 0.07787093495934966 0.10162601626016257
0 0.9824504573170731 0.145215108401084 0.02667682926829258 0.08824525745257451
0 0.9421274038461539 0.21530448717948716 0.109375 0.10737179487179487
0 0.9640625 0.275 0.06670673076923066 0.1065705128205128
0 0.9258611222044728 0.15534145367412136 0.0421825079872205 0.0579073482428115
0 0.8891698282747605 0.17364550053248132 0.03868809904153352 0.049920127795527146
0 0.852353734025559 0.1089157348242811 0.11481629392971247 0.11747870074547392
0 0.7923247803514377 0.0649860223642172 0.04517771565495208 0.04825612353567626
0 0.7737295327476039 0.12256056975505854 0.04193290734824284 0.05757454739084132
0 0.8499825279552717 0.024717119275825303 0.06664337060702881 0.050252928647497336
0 0.9118834864217252 0.03287074014909474 0.02271365814696491 0.02728966986155484
0 0.9040210662939299 0.012403487752928603 0.06888977635782734 0.02562566560170394
0 0.7751023362619809 0.239207268370607 0.13353634185303517 0.18037806176783816
0 0.8288912739616614 0.318247470713525 0.04442891373801921 0.04892172523961662
0 0.8351312899361023 0.38930045260915863 0.07238418530351441 0.08652822151224702
0 0.7848367611821087 0.40960130457933974 0.03868809904153343 0.06456336528221514
0 0.8972818490415335 0.419252529286475 0.07787539936102235 0.08053780617678381
0 0.8105456269968052 0.5021199414270501 0.09509784345047914 0.13045793397231098
0 0.9849253694089457 0.36683639510117144 0.02702426118210859 0.08686102236421729
0 0.8937874400958468 0.3327243077742279 0.09285143769968052 0.08985623003194891
0 0.9625524161341854 0.3799820287539936 0.0696385782747603 0.1124866879659212
0 0.2388353634185304 0.07763245473908409 0.05441293929712461 0.07887380191693293
0 0.23920976437699681 0.151015042598509 0.060153753993610254 0.07654419595314162
0 0.30310752795527157 0.2947850106496272 0.0921026357827476 0.12247071352502663
0 0.23197134584664536 0.274151357827476 0.04567691693290735 0.07121938232161877
0 0.24507537939297125 0.33056110223642166 0.048921725239616624 0.06755857294994676
0 0.2851362819488818 0.20326477635782741 0.08461461661341851 0.10250266240681576
0 0.17094398961661345 0.30194022896698614 0.07937300319488819 0.0795394036208733
0 0.15197434105431312 0.3636747870074547 0.050419329073482434 0.06988817891373801
0 0.18991363817891377 0.39595646964856224 0.10033945686900961 0.1124866879659212
0 0.3643844848242812 0.3615115814696485 0.07787539936102235 0.09218583599574016
0 0.37174770367412147 0.43356296592119276 0.05516174121405748 0.06389776357827479
0 0.32095397364217254 0.43555977103301385 0.0399361022364217 0.03527689030883921
0 0.30984674520766775 0.6071186102236422 0.07712659744408948 0.07354898828541004
0 0.3365540135782748 0.6923156283280086 0.09459864217252396 0.112153887113951
0 0.27203224840255597 0.6538771299254527 0.061401757188498385 0.1111554845580405
0 0.19265924520766775 0.656373136315229 0.10033945686900958 0.13278753993610218
0 0.13425269568690099 0.6425619009584664 0.03294728434504792 0.08719382321618738
0 0.14598392571884986 0.7638678115015974 0.0828674121405751 0.11082268370607029
0 0.11653105031948884 0.7036308572949946 0.05041932907348243 0.06023695420660277
0 0.08745257587859426 0.6592019435569756 0.05566094249201279 0.05191693290734835
0 0.1544703474440895 0.5565328807241746 0.07138578274760386 0.08552981895633648
0 0.26629143370607034 0.5784977369542066 0.02196485623003195 0.028288072417465313
0 0.3149635583067093 0.5139343716719914 0.07537939297124599 0.11548189563365281
0 0.28613468450479235 0.3979532747603834 0.09509784345047922 0.09584664536741212
0 0.21088009185303513 0.5124367678381256 0.1407747603833866 0.154419595314164
0 0.02355481230031949 0.4490382055378062 0.047673722044728445 0.10682907348242814
0 0.01681559504792332 0.5360656283280085 0.03419528753993611 0.06256656017039403
0 0.08508136980830672 0.5071119542066027 0.11132188498402557 0.10649627263045792
0 0.20900808706070292 0.7345813365282216 0.048672124600638994 0.06289936102236418
0 0.24981779153354636 0.7655318157614484 0.08686102236421722 0.09751064962726304
0 0.22073931709265177 0.8304279818956336 0.07313298722044728 0.06822417465388711
0 0.34479083466453675 0.8107927316293929 0.05715854632587858 0.09617944621938233
0 0.2933731030351438 0.8380824014909478 0.07013777955271565 0.09018903088391911
0 0.33667881389776366 0.9076377795527156 0.06040335463258786 0.09351703940362081
0 0.2427041733226837 0.9129625931842386 0.0975938498402556 0.1128194888178914
0 0.29948831869009584 0.9019801650692225 0.01647364217252396 0.024960063897763618
0 0.0073307707667731635 0.8317591853035144 0.014726437699680515 0.08153620873269436
0 0.01644119408945687 0.8994841586794462 0.03294728434504793 0.10449946751863687
0 0.048764476837060707 0.8959897497337593 0.053664137380191705 0.05491214057507984
0 0.09032298322683707 0.9232794195953142 0.03893769968051119 0.027622470713525023
0 0.03640924520766774 0.9542298988285409 0.07438099041533547 0.08686102236421729
0 0.0857053714057508 0.8523928381256655 0.09310103833865815 0.09950745473908415
0 0.4086319633152174 0.7183310688405797 0.07536514945652173 0.10218523550724636
0 0.45247112771739123 0.6728996829710144 0.07430366847826085 0.08718297101449271
0 0.44546535326086956 0.7670176630434782 0.05010190217391308 0.09029664855072461
0 0.4140455163043479 0.796880661231884 0.029296875 0.05038496376811589
0 0.39387737771739134 0.8433027626811593 0.04245923913043481 0.05321557971014492
0 0.3781674592391304 0.8861865942028985 0.03269361413043477 0.05576313405797097
0 0.29770720108695653 0.04889039855072466 0.06283967391304346 0.0965240036231884
0 0.33400985054347826 0.017626245471014504 0.03693953804347827 0.03733582427536234
0 0.3661727241847826 0.02935914855072466 0.06432574728260869 0.0574615036231884
0 0.4385657269021739 0.013224637681159446 0.08725373641304346 0.02745697463768116
0 0.4213697350543479 0.054127038043478286 0.06050441576086958 0.07642663043478258
0 0.37349694293478264 0.11993885869565221 0.11591372282608697 0.13332201086956524
0 0.4211574388586957 0.16975769927536233 0.06432574728260869 0.07840806159420291
0 0.4326214334239131 0.391111865942029 0.05753226902173916 0.06312273550724641
0 0.5424847146739131 0.4617357336956522 0.06581182065217393 0.09114583333333333
0 0.5159476902173913 0.022282608695652198 0.06581182065217393 0.04557291666666666
0 0.552250339673913 0.9078408061594203 0.09256114130434785 0.09624094202898555
0 0.5947095788043478 0.9698312952898549 0.03948709239130439 0.056046195652173836
0 0.45523097826086956 0.09262341485507249 0.05562160326086954 0.07982336956521738
0 0.49312584918478264 0.068846240942029 0.030358355978260844 0.04302536231884058
0 0.49747792119565215 0.10748414855072465 0.0288722826086957 0.031985960144927536
0 0.5282608695652175 0.12503396739130437 0.03396739130434785 0.04613903985507249
0 0.49376273777173907 0.16282269021739135 0.07918648097826085 0.07019927536231885
0 0.5417416779891305 0.18560914855072466 0.01889436141304346 0.025758605072463768
0 0.4643597146739131 0.3408684329710145 0.07685122282608702 0.07586050724637682
0 0.4994947350543479 0.4004528985507246 0.08258322010869562 0.11237545289855072
0 0.5132939877717391 0.6741734601449275 0.04819123641304346 0.05010190217391302
0 0.4346382472826087 0.8393399003623188 0.0288722826086957 0.052083333333333336
0 0.48176800271739123 0.8759963768115941 0.09553328804347823 0.13275588768115937
0 0.5480044157608696 0.5869904891304347 0.13077445652173908 0.14521059782608692
0 0.552250339673913 0.05525928442028987 0.08619225543478262 0.10360054347826086
0 0.46934867527173907 0.6019927536231883 0.03715183423913038 0.052366394927536315
0 0.506925101902174 0.5199048913043478 0.07833729619565216 0.08010643115942025
0 0.4067212975543479 0.5951992753623188 0.12631623641304346 0.1429461050724637
0 0.3742437100638978 0.246528887113951 0.11107228434504789 0.13711395101171464
0 0.41492861421725247 0.32007787539936106 0.05166733226837055 0.05058572949946747
0 0.45873352635782755 0.25218650159744405 0.07238418530351441 0.10117145899893508
0 0.5085288538338658 0.28346978168264103 0.04168330670926519 0.06789137380191698
0 0.49879442891373804 0.22539603301384445 0.06664337060702881 0.05491214057507987
0 0.5162236575325633 0.9708316693290735 0.12646189174244293 0.054169994675186336
0 0.41118460463258794 0.9602203141640043 0.08062100638977641 0.07488019169329073
0 0.35714606629392975 0.9563931043663472 0.05141773162939298 0.07787539936102235
0 0.40719099440894574 0.8944921458998935 0.05665934504792336 0.06988817891373814
0 0.15908795926517572 0.8923289403620873 0.09210263578274763 0.1381123535676251
0 0.13712310303514377 0.9593500399361021 0.1275459265175719 0.07713325346112884
0 0.21986571485623002 0.9858459797657082 0.061401757188498385 0.023628860489882914
0 0.2761506589456869 0.9580571086261981 0.1160642971246006 0.07920660276890316
0 0.7314831149193548 0.3870211693548387 0.0809601814516129 0.09660618279569894
0 0.704233870967742 0.4130628360215054 0.0346522177419355 0.041162634408602135
0 0.7574722782258064 0.45989583333333334 0.029611895161290303 0.0474630376344086
0 0.7195123487903227 0.4632560483870968 0.0513482862903226 0.06594422043010753
0 0.6902154737903227 0.5052587365591399 0.021106350806451603 0.039902553763440866
0 0.6776146673387098 0.5684727822580645 0.0740297379032258 0.09828629032258067
0 0.7459740423387098 0.5426411290322581 0.08852066532258061 0.10962701612903226
0 0.6308341733870968 0.5271001344086022 0.0919858870967742 0.1432291666666666
0 0.610515372983871 0.39101142473118283 0.034967237903225805 0.06510416666666667
0 0.593031754032258 0.46094590053763446 0.0371723790322581 0.0730846774193548
0 0.5738155241935484 0.507358870967742 0.015120967741935498 0.020581317204301067
0 0.6276839717741937 0.4239835349462366 0.03591229838709671 0.06300403225806453
0 0.6669039818548388 0.44477486559139784 0.054498487903225805 0.0701444892473118
0 0.49821068548387104 0.7490843413978494 0.0812752016129032 0.10836693548387094
0 0.0669424926035503 0.7456915680473373 0.07627588757396452 0.11649408284023662
0 0.19406203078078077 0.22493430930930935 0.09407845345345345 0.08164414414414416
0 0.1140601539039039 0.2501157407407408 0.04481043543543544 0.040040040040040026
0 0.10854682807807808 0.2896865615615616 0.046921921921921905 0.05411661661661663
0 0.5549479166666667 0.25277777777777777 0.0479166666666667 0.10763888888888887
0 0.5627604166666668 0.15555555555555556 0.053125000000000006 0.07847222222222222
0 0.6143229166666666 0.1545138888888889 0.08020833333333331 0.08888888888888888
0 0.7981770833333334 0.018055555555555554 0.05729166666666661 0.03819444444444444
0 0.73359375 0.05243055555555556 0.078125 0.10694444444444445
0 0.6776041666666668 0.08819444444444445 0.0734375 0.0673611111111111
0 0.7028645833333335 0.16388888888888886 0.0895833333333333 0.0798611111111111
0 0.9755071271929826 0.48050073099415197 0.04523026315789469 0.08040935672514624
0 0.9696820175438596 0.5426352339181286 0.05688048245614024 0.05299707602339184
0 0.9696820175438596 0.5832967836257309 0.0541392543859649 0.05391081871345022
0 0.8799067982456141 0.5211622807017543 0.11444627192982448 0.11970029239766078
0 0.9104029605263158 0.6065972222222221 0.06853070175438596 0.06396198830409361
0 0.9477152159851067 0.48321566431065666 0.021318471538558727 0.09863162101897427
0 0.8513473731884059 0.28378119967793886 0.029438405797101375 0.03623188405797103
0 0.864556914251208 0.23371074879227052 0.040760869565217565 0.08705716586151369
0 0.5833891369047619 0.6517981150793649 0.05882626488095247 0.047743055555555594
0 0.5714146205357143 0.6983010912698412 0.08277529761904763 0.064484126984127
0 0.5573474702380953 0.7420138888888888 0.04487537202380949 0.03472222222222226
0 0.5618815104166667 0.8134734623015873 0.07114955357142856 0.09517609126984124
0 0.6186151413690477 0.8333147321428571 0.059058779761904746 0.031932043650793676
0 0.5860630580357143 0.8495907738095239 0.019066220238095257 0.01612103174603175
0 0.3110253328402367 0.7500061637080868 0.04669008875739644 0.0437623274161736
0 0.29415218195266274 0.12685527613412229 0.03790680473372783 0.04252958579881656
0 0.601551094890511 0.011503953771289538 0.0875342153284672 0.02204987834549878
0 0.6782504562043795 0.013594890510948903 0.059591697080291973 0.028512773722627737
0 0.6140967153284671 0.06681873479318734 0.027087135036496335 0.014066301703163015
0 0.6312043795620439 0.036215024330900236 0.06928604014598543 0.0479014598540146
0 0.4275370489690721 0.49036726804123704 0.15705541237113405 0.12027491408934707
0 0.06581101190476189 0.16165674603174598 0.06572420634920637 0.1058201058201058
