0 0.026786090067340108 0.03788930976430976 0.05208333333333333 0.0750561167227834
0 0.014685921717171766 0.09979306958473624 0.027882996632996634 0.046647025813692476
0 0.09438920454545459 0.07383908529741863 0.12100168350168349 0.144851290684624
0 0.025497159090909112 0.14591400112233444 0.052556818181818225 0.10030864197530862
0 0.07005734427609432 0.16134609988776655 0.040772306397306404 0.05892255892255891
0 0.10464804292929296 0.17783038720538719 0.04103535353535353 0.04980359147025813
0 0.008504313973064021 0.2146569865319865 0.01709806397306397 0.046997755331088666
0 0.045988531144781186 0.246047278338945 0.09259259259259259 0.10977833894500562
0 0.1643597432659933 0.14556327160493826 0.1120580808080808 0.11714365881032547
0 0.12924295033670039 0.23114127384960714 0.06760311447811448 0.10030864197530862
0 0.16330755471380476 0.21605990460157123 0.03630050505050504 0.04699775533108864
0 0.12450810185185189 0.3323267396184062 0.10600799663299663 0.1188973063973064
0 0.0740030513468014 0.3730113636363636 0.0318287037037037 0.04173681257014591
0 0.08939130892255896 0.2714751683501683 0.03945707070707071 0.049102132435465774
0 0.01508049242424247 0.31496562850729515 0.0297243265993266 0.035072951739618455
0 0.015212015993266041 0.36792578563411893 0.03103956228956229 0.08417508417508414
0 0.04625157828282833 0.43491512345679006 0.08733164983164982 0.1234567901234568
0 0.008898884680134727 0.4815621492704826 0.018413299663299666 0.06102693602693604
0 0.014817445286195333 0.5531109708193042 0.029724326599326598 0.07295173961840629
0 0.02520780723905729 0.509094416386083 0.03261784511784512 0.04103535353535358
0 0.025470854377104418 0.6020377384960718 0.05155723905723905 0.07891414141414141
0 0.024287142255892305 0.6627139450056115 0.04708543771043771 0.05716891133557797
0 0.05795717592592597 0.6241336980920313 0.033406986531986524 0.055064534231200925
0 0.08255208333333337 0.6741126543209875 0.0594486531986532 0.08136924803591476
0 0.03336226851851856 0.7019956509539843 0.057870370370370364 0.06628787878787877
0 0.031652462121212165 0.7868721941638608 0.06392045454545454 0.13923961840628513
0 0.09649358164983168 0.7412773569023569 0.057870370370370364 0.05296015712682376
0 0.08807607323232328 0.8179117564534231 0.07417929292929291 0.11012906846240185
0 0.04927662037037042 0.8994563692480358 0.09759048821548821 0.11749438832772156
0 0.04177977693602698 0.9777093855218855 0.055765993265993255 0.0404145622895624
0 0.01652725168350173 0.9895938552188551 0.030513468013468017 0.015782828282828256
0 0.08860216750841754 0.9771429573512906 0.0441919191919192 0.040684624017957326
0 0.09294244528619533 0.9431221941638607 0.04498106060606061 0.02875982042648708
0 0.11806344696969702 0.8896359427609428 0.032617845117845136 0.039632435465768744
0 0.13621369949494952 0.8507049663299663 0.0352483164983165 0.041035353535353515
0 0.16777935606060612 0.9178696689113355 0.08522727272727276 0.10521885521885513
0 0.14646474763662268 0.9703440656565656 0.07732027810152808 0.05514520202020207
0 0.21473327020202027 0.9720573793490459 0.06549873737373739 0.0515572390572391
0 0.15909880050505054 0.7970433501683502 0.08259680134680135 0.11959876543209885
0 0.21315498737373742 0.8764835858585858 0.062868265993266 0.08066778900112226
0 0.2653698442760943 0.8763082210998876 0.04629629629629628 0.05787037037037036
0 0.31784774831649837 0.9159406565656565 0.08443813131313127 0.10486812570145905
0 0.2670796506734007 0.9526322250280583 0.11126893939393936 0.09056888327721672
0 0.23354114057239062 0.7845924523007856 0.0841750841750842 0.11854657687991027
0 0.29798768939393944 0.8147551907968574 0.06734006734006735 0.09960718294051626
0 0.3449416035353536 0.8268553591470258 0.022885101010100994 0.02630471380471384
0 0.2127604166666667 0.21588453984287317 0.06313131313131315 0.10697250280583613
0 0.2594512836700337 0.12171366442199776 0.07339015151515148 0.11223344556677889
0 0.20986689814814818 0.08821899551066217 0.06839225589225588 0.09364478114478114
0 0.15225957491582498 0.014741161616161616 0.05366161616161616 0.02875982042648709
0 0.1851404671717172 0.03981832210998877 0.05997474747474745 0.07891414141414141
0 0.15567918771043776 0.04192269921436587 0.0131523569023569 0.03402076318742985
0 0.23853903619528627 0.010181677890011223 0.04208754208754209 0.020342312008978673
0 0.27141992845117846 0.03560956790123457 0.07417929292929296 0.05366161616161616
0 0.30114425505050507 0.013864337822671154 0.0747053872053872 0.029110549943883277
0 0.3499394991582492 0.028594977553310884 0.05708122895622898 0.05787037037037037
0 0.10293823653198658 0.4040509259259259 0.04287668350168349 0.048400673400673354
0 0.19053293350168354 0.31759609988776655 0.01762415824915826 0.020693041526374856
0 0.18303609006734012 0.3637170314253647 0.03630050505050504 0.06593714927048264
0 0.1397648358585859 0.5157582772166105 0.04655934343434345 0.05155723905723898
0 0.1159590698653199 0.5892361111111111 0.1210016835016835 0.10592031425364752
0 0.14857691498316503 0.6851606341189674 0.08049242424242425 0.12521043771043772
0 0.1940840698653199 0.7098870650953983 0.04629629629629628 0.06663860830527497
0 0.20158091329966332 0.5559168069584736 0.08075547138047137 0.10942760942760946
0 0.1614662247474748 0.4826143378226711 0.04050925925925926 0.0420875420875421
0 0.24708806818181822 0.4891028338945005 0.12021254208754206 0.14064253647586977
0 0.2912799873737374 0.623607603815937 0.03814183501683499 0.07154882154882157
0 0.26273937289562294 0.7042753928170594 0.08680555555555554 0.09960718294051626
0 0.31350747053872063 0.6806011503928171 0.029987373737373747 0.045244107744107843
0 0.22301925505050513 0.6260627104377104 0.09837962962962964 0.09609988776655444
0 0.07334543350168354 0.5375035072951739 0.08470117845117843 0.07540684624017953
0 0.09478377525252529 0.46700687429854093 0.08917297979797979 0.06628787878787877
0 0.14371054292929294 0.39703633557800216 0.041824494949494966 0.031565656565656575
0 0.15002367424242427 0.4284266273849607 0.04813762626262628 0.06418350168350168
0 0.18974379208754213 0.43859778338945005 0.040772306397306404 0.08873456790123455
0 0.21749526515151518 0.4019465488215488 0.0299873737373737 0.0392817059483726
0 0.21525936447811456 0.32583824354657687 0.035511363636363626 0.04559483726150392
0 0.26339699074074074 0.23131663860830529 0.11389941077441078 0.14414983164983167
0 0.2729982112794613 0.2867319023569023 0.0752314814814815 0.08101851851851852
0 0.2557686237373738 0.3695040684624018 0.10232533670033672 0.09995791245791245
0 0.3285011574074075 0.33934132996633 0.0594486531986532 0.06488496071829405
0 0.32153040824915835 0.4077335858585858 0.05445075757575757 0.07400392817059487
0 0.3455992213804714 0.17344626823793488 0.05103114478114477 0.06348204264870931
0 0.3411274200336701 0.2581474466891133 0.0752314814814815 0.10732323232323229
0 0.3945259890572391 0.28112023007856335 0.044191919191919206 0.04734848484848486
0 0.38624000420875426 0.35372124017957346 0.0812815656565657 0.10556958473625139
0 0.36532775673400675 0.4221134960718294 0.03945707070707068 0.040333894500561185
0 0.32402935606060607 0.467182239057239 0.028409090909090873 0.04699775533108864
0 0.37532354797979806 0.49822180134680133 0.0783880471380472 0.11889730639730646
0 0.4250394570707071 0.46437640291806953 0.027882996632996628 0.023148148148148154
0 0.40425873316498323 0.42176276655443323 0.029987373737373747 0.06348204264870928
0 0.44095380892255903 0.42053521324354654 0.04761153198653201 0.0792648709315376
0 0.3388915193602694 0.54153689674523 0.05497685185185182 0.09329405162738495
0 0.26102956649831655 0.5741547418630752 0.029724326599326556 0.032267115600448905
0 0.29575178872053876 0.5515326879910213 0.042350589225589236 0.07751122334455669
0 0.3993923611111112 0.5834490740740741 0.06128998316498322 0.0655864197530865
0 0.35651567760942765 0.6935781425364758 0.04971590909090909 0.028409090909090887
0 0.4061000631313132 0.7151480078563411 0.05944865319865325 0.05611672278338951
0 0.34665140993265997 0.7537282547699213 0.09048821548821549 0.11784511784511775
0 0.4118871001683502 0.8258031705948371 0.0736531986531987 0.09995791245791245
0 0.4033380681818183 0.928391554433221 0.10969065656565663 0.11083052749719412
0 0.4638389099326601 0.9759154040404039 0.08233375420875425 0.04313973063973068
0 0.5449889520202021 0.5334701178451178 0.05155723905723911 0.060325476992143655
0 0.5068471170033672 0.4945391414141414 0.07154882154882154 0.09118967452300784
0 0.44726694023569036 0.5259294332210999 0.078125 0.11679292929292924
0 0.3484927398989899 0.6302714646464646 0.07944023569023569 0.08908529741863068
0 0.4163589015151516 0.6565761784511784 0.07628367003367008 0.0750561167227834
0 0.46870528198653205 0.8777111391694724 0.043665824915824915 0.046647025813692504
0 0.3388915193602694 0.8610514870931536 0.025515572390572408 0.03998316498316505
0 0.3751920244107745 0.8564920033670033 0.05445075757575766 0.08698092031425363
0 0.3383654250841751 0.9767922278338944 0.041298400673400654 0.040684624017957326
0 0.3741398358585859 0.988231271043771 0.046559343434343474 0.01937079124579135
0 0.41215014730639743 0.9910371071829405 0.01788720538720545 0.013759118967452365
0 0.5636652988215489 0.010181677890011223 0.038930976430976476 0.020342312008978673
0 0.5983875210437711 0.04648218294051627 0.03367003367003365 0.05366161616161616
0 0.6242994239638167 0.025271074398128385 0.06971101122729638 0.051891914054472736
0 0.591416771885522 0.12311658249158247 0.06392045454545459 0.07716049382716048
0 0.620184310831318 0.16048533061443856 0.04629629629629628 0.06698933782267116
0 0.4358243897306398 0.15976781705948373 0.06786616161616159 0.08452581369248036
0 0.39531513047138056 0.2200932940516274 0.0626052188552189 0.07821268237934904
0 0.43819181397306406 0.27059834455667786 0.04050925925925926 0.044542648709315395
0 0.46752156986532 0.3305730920314254 0.08496422558922562 0.0817199775533109
0 0.4856718223905725 0.3924768518518518 0.06918139730639732 0.10451739618406286
0 0.5015861742424242 0.4371948653198653 0.02893518518518521 0.02700617283950617
0 0.5406486742424244 0.4433326318742985 0.04866372053872059 0.06313131313131315
0 0.5822101220538721 0.478580948372615 0.07654671717171722 0.10276374859708194
0 0.4985611321548822 0.5445180976430976 0.019202441077441092 0.01929012345679008
0 0.5299952651515153 0.5848519921436588 0.03630050505050502 0.05646745230078558
0 0.49356323653198664 0.5746808361391694 0.0334069865319865 0.03542368125701453
0 0.45699968434343446 0.6069479517396185 0.024463383838383826 0.04173681257014591
0 0.49040667087542095 0.6369353254769922 0.08180765993265987 0.09609988776655444
0 0.4576573021885523 0.6967347081930415 0.03998316498316506 0.04454264870931534
0 0.49711437289562305 0.7044507575757576 0.03472222222222223 0.04173681257014591
0 0.46147148569023577 0.7826634399551066 0.13283880471380471 0.1441498316498316
0 0.5242082281144782 0.7423295454545454 0.04629629629629628 0.0887345679012346
0 0.525786510942761 0.8261539001122334 0.05471380471380467 0.08873456790123449
0 0.590496106902357 0.8680660774410773 0.10153619528619524 0.14450056116722793
0 0.6262705176767678 0.9382523148148147 0.08733164983164983 0.11932870370370381
0 0.6773016624579125 0.9810413159371493 0.037352693602693686 0.03375070145903483
0 0.5554953835227273 0.9554380611672277 0.08414417613636367 0.08495721099887774
0 0.5150015782828284 0.9938026094276095 0.01630892255892258 0.007365319865319838
0 0.5182896675084175 0.8919156846240178 0.05445075757575762 0.046997755331088575
0 0.4911958122895624 0.9343539562289561 0.06023779461279464 0.08557800224466898
0 0.5548897713776721 0.6947966152019004 0.03358818289786223 0.05072248614410135
0 0.657324450712589 0.6688168052256532 0.04694922802850359 0.06952692003167063
0 0.625406398456057 0.6909615003958829 0.0295056413301662 0.042062549485352346
0 0.5879212440617577 0.7418076999208234 0.08666122327790982 0.10367181314330966
0 0.6730979067695962 0.7483645091053048 0.0818364014251781 0.09748614410134593
0 0.6273548842042755 0.7956230205859067 0.03266033254156771 0.027216943784639725
0 0.6537986193586699 0.8160357284243865 0.040639845605700664 0.05022763262074423
0 0.7402284861809045 0.8108301926298157 0.12523555276381906 0.13400335008375208
0 0.7455284233668342 0.7053548994974875 0.07851758793969853 0.07485343383584595
0 0.7080362751256282 0.6592912479061978 0.054569723618090475 0.09474455611390281
0 0.5800869030898878 0.5826427902621722 0.07636938202247193 0.10182584269662917
0 0.7014439957865168 0.5149051966292134 0.08734199438202249 0.10797050561797755
0 0.7749604985955056 0.4901802434456929 0.07241924157303385 0.10358146067415727
0 0.8041476474719101 0.4173220973782772 0.04125702247191026 0.052083333333333336
0 0.7476386938202246 0.4429248595505618 0.0506934691011236 0.06525046816479396
0 0.6679775280898876 0.45389747191011237 0.08580582865168546 0.08544007490636704
0 0.6256232443820224 0.4498010299625468 0.023920294943820242 0.032771535580524314
0 0.9607889524647888 0.014546654929577466 0.0745488556338028 0.02897593896713615
0 0.885689920774648 0.016563967136150236 0.07124779929577461 0.035211267605633804
0 0.84607724471831 0.025366784037558685 0.0349361795774648 0.04401408450704226
0 0.8742737676056338 0.05342576291079813 0.0533670774647888 0.06638791079812208
0 0.7818441901408453 0.13411825117370893 0.08582746478873249 0.12213908450704226
0 0.7049570862676058 0.1482394366197183 0.0420884683098592 0.05575117370892018
0 0.7275143045774648 0.10239143192488263 0.0673965669014085 0.1004988262910798
0 0.711834286971831 0.027750880281690142 0.05749339788732391 0.0553843896713615
0 0.653515625 0.09432218309859156 0.0789502640845071 0.0982981220657277
0 0.6687830105633804 0.0061106220657277 0.0412632042253521 0.014304577464788732
0 0.6726342429577465 0.03508656103286385 0.0308098591549296 0.03557805164319249
0 0.6693331866197184 0.1632775821596244 0.05006602112676051 0.052816901408450696
0 0.6957416373239438 0.3063233568075117 0.05666813380281699 0.06675469483568074
0 0.6188545334507043 0.3905002934272301 0.0525418133802817 0.07959213615023479
0 0.564524647887324 0.4104900234741784 0.0660211267605634 0.04621478873239434
0 0.553933758802817 0.3485035211267606 0.0949053697183099 0.10416666666666667
0 0.5289007482394367 0.2903682511737089 0.05859375000000009 0.0487822769953052
0 0.4802101672535212 0.27441314553990614 0.03493617957746471 0.0322769953051643
0 0.6163787411971833 0.29862089201877934 0.1147117077464789 0.10416666666666663
0 0.6313710387323944 0.5201584507042253 0.039612676056338 0.0506161971830986
0 0.5793794014084507 0.21150968309859156 0.0429137323943662 0.07005575117370894
0 0.6247689260563382 0.2210460680751174 0.0737235915492958 0.07372359154929577
0 0.5225737235915494 0.2327831572769953 0.0690470950704225 0.06932218309859153
0 0.5196852992957747 0.14365463615023477 0.10343309859154931 0.10820129107981222
0 0.49135123239436623 0.2082086267605634 0.027508802816901403 0.058318661971831
0 0.45579490291262137 0.21654530744336575 0.0515776699029126 0.0975930420711974
0 0.54671875 0.07520833333333332 0.08625 0.08
0 0.45015625000000004 0.07416666666666667 0.07250000000000005 0.09375
0 0.5065625 0.03770833333333334 0.08656249999999997 0.075
0 0.31875000000000003 0.09916666666666665 0.06406250000000001 0.11041666666666665
0 0.38296875 0.11020833333333332 0.06437499999999999 0.16
0 0.39031250000000006 0.0125 0.03343750000000001 0.027083333333333334
0 0.43656249999999996 0.012708333333333332 0.051562500000000004 0.025
0 0.66390625 0.8454166666666667 0.03374999999999995 0.04458333333333329
0 0.69046875 0.8958333333333334 0.06499999999999995 0.10125000000000005
0 0.714375 0.9556250000000001 0.0765625 0.07250000000000002
0 0.7306770833333334 0.9932291666666666 0.05666666666666656 0.009375
0 0.7906960227272727 0.8989583333333333 0.12613636363636357 0.19621212121212112
0 0.8607244318181819 0.8616477272727273 0.05085227272727266 0.04962121212121211
0 0.8727982954545453 0.9311553030303031 0.05056818181818184 0.08863636363636367
0 0.9091619318181818 0.9078598484848485 0.020454545454545326 0.02386363636363633
0 0.9188210227272727 0.8625946969696968 0.0625 0.0628787878787879
0 0.8706676136363637 0.7699810606060606 0.14005681818181817 0.16022727272727277
0 0.9747869318181819 0.8864583333333333 0.04602272727272734 0.09090909090909088
0 0.9540482954545454 0.924905303030303 0.06590909090909083 0.06780303030303034
0 0.91015625 0.9598011363636364 0.069034090909091 0.07623106060606055
0 0.9726917613636363 0.9717329545454545 0.05149147727272734 0.05236742424242422
0 0.9654119318181819 0.8254734848484849 0.06590909090909101 0.08181818181818189
0 0.9784801136363637 0.7739583333333333 0.03977272727272734 0.09015151515151511
0 0.9602982954545456 0.7330492424242424 0.05 0.08560606060606067
0 0.9808948863636364 0.6288825757575758 0.028125 0.03181818181818177
0 0.9873224431818182 0.6739997632575758 0.02223011363636367 0.07643229166666667
0 0.8294744318181819 0.6684659090909091 0.06960227272727275 0.09962121212121211
0 0.8753551136363638 0.6004734848484848 0.051136363636363674 0.06969696969696966
0 0.8955255681818184 0.5752840909090908 0.03693181818181817 0.04962121212121211
0 0.9051846590909091 0.5446022727272728 0.015909090909090828 0.020833333333333332
0 0.6492187500000001 0.6027462121212122 0.1 0.13030303030303023
0 0.57734375 0.6608901515151515 0.05738636363636367 0.051893939393939444
0 0.7152698863636364 0.5805871212121212 0.04517045454545459 0.06401515151515155
0 0.7887073863636364 0.6133522727272728 0.1232954545454546 0.19090909090909094
0 0.84296875 0.5351325757575758 0.071590909090909 0.07234848484848488
0 0.7547585227272728 0.00975378787878788 0.021875000000000002 0.02159090909090909
0 0.7848721590909092 0.033049242424242425 0.04971590909090909 0.06363636363636364
0 0.8408380681818182 0.10482954545454545 0.07017045454545467 0.09659090909090909
0 0.8600142045454545 0.17490530303030302 0.0625 0.054924242424242445
0 0.6887073863636364 0.23153409090909088 0.05965909090909092 0.0833333333333333
0 0.74609375 0.23456439393939393 0.06875 0.09772727272727269
0 0.7656960227272728 0.2677083333333333 0.04943181818181817 0.04810606060606058
0 0.8389914772727274 0.3084280303030303 0.05511363636363634 0.075
0 0.65546875 0.36070075757575754 0.04886363636363633 0.0628787878787879
0 0.6946732954545456 0.393655303030303 0.09431818181818175 0.1136363636363636
0 0.7821732954545455 0.3506628787878788 0.07784090909090909 0.1625
0 0.8263494318181819 0.22414772727272728 0.0889204545454546 0.09734848484848486
0 0.8858664772727274 0.21960227272727273 0.05 0.05643939393939394
0 0.8935369318181818 0.12850378787878788 0.03579545454545468 0.05909090909090908
0 0.9235085227272727 0.1828598484848485 0.05596590909090918 0.0837121212121212
0 0.9196732954545453 0.08380681818181818 0.0829545454545455 0.11590909090909092
0 0.9697088068181818 0.04668560606060606 0.057457386363636336 0.048484848484848485
0 0.971981534090909 0.12376893939393939 0.05291193181818184 0.1253787878787879
0 0.9816051136363637 0.23418560606060604 0.033522727272727336 0.11893939393939397
0 0.9094460227272727 0.287594696969697 0.09772727272727284 0.10984848484848483
0 0.852627840909091 0.47433712121212124 0.0761363636363635 0.12727272727272734
0 0.9614346590909091 0.5139204545454545 0.0738636363636365 0.1488636363636364
0 0.97265625 0.3404356060606061 0.05142045454545468 0.10719696969696967
0 0.9566051136363637 0.41032196969696966 0.08068181818181817 0.09469696969696972
0 0.9252130681818183 0.34933712121212124 0.04232954545454533 0.0628787878787879
0 0.8924005681818182 0.43001893939393937 0.054545454545454675 0.04242424242424245
0 0.9068892045454547 0.4927083333333333 0.0517045454545455 0.08598484848484844
0 0.9294744318181817 0.4584280303030303 0.02755681818181817 0.0234848484848485
0 0.869247159090909 0.37698863636363633 0.09289772727272716 0.0636363636363636
0 0.9388147865853661 0.6066819105691058 0.06974085365853658 0.058943089430894345
0 0.9500571646341465 0.6580030487804879 0.04649390243902438 0.05487804878048787
0 0.9083269817073174 0.6653709349593496 0.08727134146341467 0.07063008130081308
0 0.9450144974226804 0.2218964776632302 0.0322164948453608 0.08161512027491409
