0 0.08637554190751445 0.14581526974951828 0.09122109826589597 0.11440269749518304
0 0.05544165462427746 0.3035705684007707 0.05012644508670521 0.050578034682080934
0 0.07265072879858657 0.3484135747938752 0.06515017667844523 0.06367785630153122
0 0.029309297703180217 0.37730786219081275 0.059076855123674915 0.10011778563015312
0 0.06547316696113074 0.47834584805653707 0.12533127208480566 0.1910335689045936
0 0.1688576634275618 0.4945413722025913 0.07812499999999999 0.06441401648998818
0 0.23152329946996467 0.4820266489988222 0.054935954063604256 0.07398409893992935
0 0.014816143992932863 0.5554586277974086 0.030642667844522964 0.07582449941107174
0 0.014954174028268553 0.6126950824499411 0.029814487632508838 0.04232921083627801
0 0.06409286660777384 0.6091983215547703 0.06404593639575971 0.07067137809187282
0 0.11751049028268552 0.5475449057714958 0.054935954063604235 0.06662249705535922
0 0.17355068462897527 0.5619000294464075 0.08475044169611308 0.08208186101295632
0 0.12082321113074207 0.6154556831566549 0.04554991166077739 0.06772673733804477
0 0.1783817358657244 0.6500552120141343 0.06956713780918726 0.08613074204947005
0 0.1304853136042403 0.6841026207302708 0.056592314487632515 0.07177561837455831
0 0.09722007508833923 0.6588891342756183 0.02098056537102473 0.034599528857479335
0 0.042698211130742056 0.6649624558303886 0.08585468197879859 0.11005594817432278
0 0.007086462014134276 0.7262477915194345 0.015735424028268552 0.03754416961130739
0 0.018266894876325088 0.8098019729093051 0.03809628975265018 0.12514723203769135
0 0.04683911219081272 0.85286734393404 0.05824867491166078 0.06551825677267367
0 0.018957045053003538 0.8909636336866902 0.03892446996466431 0.04674617196701997
0 0.13214167402826857 0.8775287102473498 0.0908237632508834 0.1339811542991755
0 0.02268385600706714 0.9391821260306242 0.046378091872791516 0.04969081272084802
0 0.06712952738515901 0.7509091578327444 0.11152826855123675 0.14134275618374564
0 0.15422647968197878 0.7503570376914016 0.054935954063604235 0.10711130742049473
0 0.18735368816254416 0.8307825382803298 0.08916740282685512 0.13250883392226148
0 0.20005245141342756 0.7516453180212013 0.036715989399293304 0.039016489988221416
0 0.23276556978798585 0.7015864252061248 0.10876766784452296 0.1163133097762073
0 0.2678251987632509 0.6310990871613663 0.10435070671378091 0.09238810365135446
0 0.04530245176848873 0.05164456055734189 0.09216740353697746 0.10483654876741694
0 0.12790861880466473 0.3187165937803693 0.061953352769679296 0.07956754130223521
0 0.1701598943148688 0.3138575072886297 0.020727040816326526 0.043124392614188524
0 0.2538114017571885 0.42956935569755056 0.07038738019169326 0.08985623003194891
0 0.1559679512779553 0.41259651224707133 0.13029153354632592 0.15175718849840258
0 0.3175843650159744 0.43689097444089453 0.09310103833865813 0.11648029818956337
0 0.29224990015974445 0.496628727369542 0.06040335463258786 0.08220181043663471
0 0.252812999201278 0.5458832534611289 0.07837460063897767 0.08486421725239618
0 0.33568041134185306 0.6753427848775293 0.08586261980830674 0.08153620873269436
0 0.34079722444089455 0.7646998136315228 0.0796226038338658 0.0865282215122471
0 0.3914661541533547 0.7929878860489884 0.059155351437699726 0.08320021299254528
0 0.9733044533378747 0.08964293823796549 0.05026609332425061 0.06783605812897367
0 0.8663211001362399 0.09049443687556767 0.08280824250681196 0.10416666666666669
0 0.8310903440054496 0.04195901453224341 0.03235694822888285 0.02753178928247048
0 0.8062904461852862 0.08439202997275205 0.04959979564032686 0.06982288828337874
0 0.8220431709809266 0.14825442779291553 0.08706573569482288 0.06641689373297004
0 0.88590556880109 0.16244607175295186 0.040659059945503985 0.05392824704813804
0 0.8514198739782017 0.20473717075386014 0.06961001362397816 0.06528156221616713
0 0.8416276396457768 0.2646259082652135 0.06194652588555858 0.05790190735694824
0 0.8908016859673027 0.24631868755676656 0.050877043596730155 0.07351271571298819
0 0.9253938181198912 0.2986858537693006 0.05407016348773848 0.05222524977293368
0 0.8951656164850136 0.32025715258855586 0.013198228882833797 0.01759763851044506
0 0.9359311137602181 0.3809973887375114 0.11388794277929151 0.11523614895549503
0 0.8465237568119893 0.3497757720254314 0.08195674386920988 0.10728882833787463
0 0.8223624829700275 0.45294902361489553 0.0834468664850137 0.10530199818346955
0 0.8033102009536786 0.5298677338782924 0.04151055858310633 0.05080608537693004
0 0.7375319311989101 0.5006329473206177 0.09004598092643051 0.0564827429609446
0 0.772230500681199 0.5565480245231609 0.040659059945504165 0.06102406902815627
0 0.7091131641689374 0.5836540644868301 0.0966450953678474 0.1373751135331517
0 0.7454082935967303 0.706269868301544 0.07216450953678476 0.0754995458673933
0 0.5495530161691543 0.18904954394693205 0.0629664179104478 0.05907960199004973
0 0.5437227922885571 0.24787002487562187 0.06763059701492545 0.08240049751243775
0 0.49824704601990044 0.29554830016583744 0.07151741293532332 0.10934908789386395
0 0.5233170087064677 0.42303586235489216 0.11155161691542288 0.14148009950248752
0 0.6053288246268657 0.23802342454394693 0.07657027363184082 0.0720356550580431
0 0.672959421641791 0.2525342039800995 0.04858519900497509 0.053378938640132656
0 0.6443913246268655 0.2978803897180763 0.04508706467661688 0.07151741293532332
0 0.6624650186567164 0.34555866500829185 0.028373756218905477 0.038349917081260364
0 0.6978350435323383 0.3639562603648424 0.06568718905472633 0.04716003316749582
0 0.7574976679104477 0.40645211442786067 0.11815920398009956 0.12800580431177444
0 0.6640197450248756 0.42484970978441117 0.07501554726368163 0.10572139303482585
0 0.63603467039801 0.35462790215588713 0.02681902985074629 0.045087064676616904
0 0.5765663868159203 0.3269019485903814 0.0998911691542288 0.13370646766169147
0 0.6088269589552239 0.4279591625207297 0.06180037313432836 0.09017412935323386
0 0.5775380907960198 0.46915941127694855 0.04508706467661688 0.06685323383084577
0 0.6327308768656716 0.520983623548922 0.08706467661691537 0.11038557213930347
0 0.555771921641791 0.5453410033167496 0.07851368159203975 0.10416666666666673
0 0.4957206156716417 0.5616656301824212 0.04547574626865663 0.07980928689883916
0 0.6051344838308458 0.5805814676616914 0.02487562189054726 0.03161276948590377
0 0.5779267723880597 0.6088256633499171 0.03886815920398004 0.04145936981757868
0 0.6408931902985074 0.62255907960199 0.10727611940298508 0.12489635157545606
0 0.49552627487562195 0.19708229684908793 0.048973880597014935 0.07410862354892206
0 0.45801850124378113 0.24372408789386402 0.06335509950248755 0.0979477611940298
0 0.4451920087064677 0.3274201907131012 0.04158893034825875 0.06322553897180759
0 0.47162235696517407 0.376653192371476 0.0672419154228856 0.08499170812603646
0 0.4292560634328358 0.3668065920398009 0.016713308457711486 0.016583747927031506
0 0.4069068718905473 0.43547367330016584 0.095615671641791 0.13215174129353233
0 0.47706389925373127 0.47771040630182415 0.09522699004975124 0.07980928689883916
0 0.432754197761194 0.5313484660033166 0.08123445273631834 0.0979477611940298
0 0.4533543221393035 0.618672263681592 0.06257773631840795 0.11194029850746266
0 0.5209849191542288 0.6570221807628522 0.08745335820895522 0.12645107794361518
0 0.4803676927860696 0.7215433250414593 0.03886815920398004 0.03368573797678268
0 0.5172924440298508 0.7332037728026533 0.02876243781094523 0.029021558872305182
0 0.39252565298507464 0.718174751243781 0.0326492537313432 0.027985074626865725
0 0.4277013370646766 0.7352767412935323 0.07268345771144276 0.09328358208955218
0 0.497275342039801 0.8174181177446102 0.10533271144278605 0.144589552238806
0 0.3738689365671642 0.6357742537313432 0.10183457711442784 0.12956053067993356
0 0.3144006529850747 0.5696983830845771 0.038868159203980124 0.06892620232172474
0 0.3571556281094528 0.5398994610281923 0.07851368159203981 0.09121061359867332
0 0.5415850435323383 0.12375103648424546 0.06180037313432827 0.06633499170812603
0 0.6309818097014924 0.1494040215588723 0.12321206467661688 0.1808665008291874
0 0.47881296641791044 0.14163038971807632 0.06374378109452739 0.09172885572139303
0 0.4226484763681592 0.16054622719734662 0.06335509950248751 0.10364842454394692
0 0.38533504353233833 0.1234919154228856 0.05247201492537306 0.06685323383084577
0 0.3363611629353234 0.12064158374792706 0.04314365671641789 0.037313432835820906
0 0.3287818718905473 0.17868470149253735 0.07462686567164178 0.09328358208955223
0 0.28058535447761196 0.2551254145936982 0.04819651741293534 0.07514510779436148
0 0.3305309390547264 0.2452788142620232 0.05247201492537315 0.06063432835820892
0 0.20109996890547266 0.2375051824212272 0.1092195273631841 0.11660447761194027
0 0.9528101679104477 0.9246942371475952 0.09056281094527369 0.14562603648424546
0 0.8882890236318407 0.892044983416252 0.05946828358208958 0.05959784411276949
0 0.913358986318408 0.8555089137645107 0.04275497512437809 0.04975124378109446
0 0.7744053171641792 0.9210665422885571 0.0975590796019902 0.15184494195688222
0 0.6988067475124378 0.9215847844112768 0.059856965174129334 0.09380182421227197
0 0.7357314987562189 0.9671900912106135 0.09250621890547261 0.06063432835820895
0 0.7518617848258706 0.8223414179104476 0.08123445273631838 0.10364842454394688
0 0.6438083022388059 0.8873808043117744 0.06180037313432836 0.08447346600331672
0 0.8262943097014926 0.7979840381426201 0.06529850746268666 0.10986733001658375
0 0.7957828047263682 0.7443459784411277 0.08667599502487572 0.11660447761194027
0 0.8793493470149255 0.6901896766169154 0.09522699004975124 0.12230514096185736
0 0.9611668221393036 0.7158426616915423 0.06840796019900496 0.10105721393034829
0 0.9397893345771146 0.6233364427860695 0.09017412935323375 0.07669983416252073
0 0.9500893967661693 0.5645159618573797 0.09444962686567156 0.08758291873963515
0 0.7697411380597015 0.21107483416252074 0.09367226368159215 0.1290422885572139
0 0.7825676305970148 0.3064313847429519 0.08745335820895539 0.06892620232172474
0 0.7044426305970148 0.3038401741293532 0.07190609452736317 0.06996268656716413
0 0.7178521455223881 0.24501969320066333 0.04508706467661697 0.05597014925373127
0 0.6959661989795918 0.1985756802721088 0.05102040816326525 0.060799319727891155
0 0.7237085459183673 0.14542942176870746 0.058673469387755084 0.06505102040816324
0 0.2577414772727273 0.1507891414141414 0.10227272727272725 0.14204545454545453
0 0.12492897727272728 0.2672664141414141 0.04971590909090909 0.06439393939393936
0 0.22436079545454546 0.31966540404040406 0.08096590909090912 0.08459595959595957
0 0.23477746212121212 0.36606691919191914 0.01941287878787881 0.020833333333333332
0 0.2591619318181818 0.3452335858585858 0.02840909090909092 0.04608585858585859
0 0.31171875000000004 0.3316603535353535 0.08238636363636363 0.10858585858585859
0 0.36403882575757573 0.38216540404040406 0.03361742424242422 0.041666666666666664
0 0.38203125 0.2844060945273632 0.1064987562189054 0.16272802653399662
0 0.005223880597014943 0.2853302929795466 0.012010261194029885 0.03442855168601463
0 0.07827658582089556 0.2665267412935323 0.04392101990049751 0.08136401326699833
0 0.015133101851851852 0.22179402237926976 0.031828703703703706 0.09165194346289755
0 0.05173611111111111 0.21327160493827158 0.07667824074074076 0.09915123456790124
0 0.1410011574074074 0.19398148148148145 0.07060185185185186 0.09143518518518517
0 0.13796296296296295 0.13668981481481482 0.014756944444444465 0.024691358024691364
0 0.1349247685185185 0.07110339506172839 0.10590277777777778 0.10262345679012344
0 0.20726273148148144 0.04988425925925925 0.07523148148148147 0.09876543209876543
0 0.10381944444444442 0.009760802469135802 0.03790509259259259 0.020833333333333332
0 0.261082175925926 0.06280864197530864 0.03587962962962963 0.029706790123456797
0 0.2619502314814815 0.022685185185185183 0.06770833333333336 0.04436728395061728
0 0.2945023148148148 0.05374228395061728 0.04427083333333331 0.07253086419753087
0 0.3182291666666667 0.009953703703703704 0.04774305555555554 0.02044753086419753
0 0.3316840277777778 0.052584876543209876 0.03877314814814814 0.09336419753086418
0 0.3707465277777778 0.07303240740740741 0.05381944444444442 0.06018518518518518
0 0.46366185897435896 0.009909188034188034 0.06830929487179481 0.021367521367521368
0 0.3876402243589744 0.02139423076923077 0.07972756410256406 0.0422008547008547
0 0.44423076923076926 0.07761752136752137 0.08553685897435895 0.07398504273504274
0 0.5255608974358975 0.0499732905982906 0.10717147435897437 0.09935897435897437
0 0.5089342948717949 0.11060363247863247 0.014623397435897446 0.019764957264957268
0 0.6002804487179487 0.03287927350427351 0.057892628205128194 0.06623931623931625
0 0.6418469551282051 0.04610042735042735 0.038862179487179474 0.032852564102564104
0 0.6466546474358975 0.013648504273504274 0.03725961538461533 0.02938034188034188
0 0.7413060897435898 0.04142628205128206 0.15444711538461542 0.08333333333333333
0 0.6885216346153847 0.06452991452991454 0.04086538461538458 0.04727564102564104
0 0.7282852564102564 0.10713141025641025 0.08112980769230776 0.05822649572649573
0 0.8366787647637797 0.01217396653543308 0.03429502952755908 0.02643126640419949
0 0.984701033464567 0.03041338582677167 0.02706692913385833 0.062130905511811024
0 0.9617864173228347 0.011446030183727052 0.049520177165354444 0.024606299212598427
0 0.9370263287401575 0.12607037401574803 0.07750984251968501 0.09965551181102361
0 0.8738957923228347 0.021391076115485585 0.04290723425196852 0.02727198162729659
0 0.8751261072834645 0.004371719160105006 0.026297982283464628 0.009637467191601051
0 0.9164954478346456 0.023851706036745426 0.05336491141732278 0.04859744094488189
0 0.912189345472441 0.061478838582677185 0.012764517716535551 0.023375984251968504
0 0.9382566437007874 0.05132874015748034 0.03321850393700778 0.040395341207349084
0 0.9549992302955664 0.26573788998357967 0.08582204433497545 0.10570607553366178
0 0.9861722598522168 0.6657276272577997 0.02424568965517242 0.07953612479474544
0 0.9149745997536946 0.7799004515599343 0.10737376847290642 0.10057471264367818
0 0.8553225061576353 0.8363454433497537 0.07119766009852224 0.06670771756978659
0 0.5645666564039409 0.876883210180624 0.09313423645320196 0.1313628899835796
0 0.637303725369458 0.7704074302134648 0.046951970443349735 0.06208949096880131
0 0.624796028325123 0.82813526272578 0.043488300492610855 0.07183908045977011
0 0.562642395320197 0.7645063628899836 0.06773399014778328 0.08928571428571423
0 0.648272013546798 0.7129361658456487 0.06504002463054182 0.05182676518883416
0 0.687334513546798 0.7396192528735632 0.0554187192118226 0.06208949096880131
0 0.559178725369458 0.70626539408867 0.051570197044334964 0.030275041050903083
0 0.5947775554187191 0.6821479885057471 0.03040332512315267 0.034380131362889914
0 0.5995882081280788 0.7298696633825944 0.03848522167487687 0.07748357963875208
0 0.38638008004926105 0.9494919950738916 0.04772167487684729 0.08364121510673238
0 0.4435306342364531 0.9320453612479475 0.08274322660098524 0.11032430213464697
0 0.41736068349753686 0.8455818965517241 0.06119150246305419 0.07697044334975374
0 0.32678263121546963 0.8442622007366483 0.12862569060773482 0.10819521178637205
0 0.2575060428176796 0.9078556629834256 0.08675759668508287 0.11452578268876613
0 0.33843663674033153 0.9314514272559852 0.081146408839779 0.0822974217311233
0 0.6639529128959277 0.9846766591251885 0.04418834841628954 0.02498114630467564
0 0.6478683540723983 0.9505043363499246 0.040299773755656076 0.038650075414781306
0 0.6036800056561087 0.9231664781297134 0.04454185520361991 0.0622171945701357
0 0.5243177319004525 0.9448482277526394 0.10216346153846151 0.1055806938159879
0 0.42957791289592767 0.9905684389140271 0.08943721719457015 0.014140271493212708
0 0.5946655825791857 0.973974830316742 0.11064762443438916 0.047883672699849215
0 0.21452595338983046 0.5179378531073446 0.01555879237288136 0.017655367231638467
0 0.29434840425531916 0.7236923758865249 0.024102393617021267 0.043587470449172605
0 0.28160460992907804 0.7473330378250592 0.02687278368794326 0.033244680851063774
0 0.08656324052132697 0.9237707345971564 0.10071090047393366 0.13181279620853084
0 0.14561981635071086 0.9674614928909954 0.024066943127962093 0.037519747235387035
0 0.20152917654028435 0.94253060821485 0.035915284360189585 0.04591232227488149
0 0.19597526658767772 0.9819485584518168 0.049244668246445536 0.031936216429699724
0 0.3048182149805448 0.9832725356679636 0.15351410505836582 0.02877756160830091
0 0.9538264142335766 0.1738366788321168 0.0883895985401459 0.10188564476885643
0 0.848329151459854 0.510287408759124 0.0467609489051096 0.059306569343065677
0 0.8660070711678831 0.5492548661800486 0.06843065693430664 0.09694343065693432
0 0.8122604927007299 0.621867396593674 0.07612910583941607 0.13267944038929436
0 0.8644388686131386 0.6180656934306569 0.026516879562043807 0.033074817518248166
0 0.7409785583941606 0.6289005474452554 0.06358348540145986 0.07679440389294404
0 0.697842123605948 0.6750735749690211 0.02178206319702607 0.023234200743494426
0 0.6997299024163569 0.7991829306071871 0.033108736059479504 0.06544299876084263
0 0.7358881273234201 0.7577486059479555 0.025267193308550165 0.01897459727385377
0 0.6764957016728625 0.8185447645600991 0.055762081784386554 0.09874535315985138
0 0.8791713169642859 0.42818080357142857 0.053013392857142884 0.09300595238095237
0 0.9211983816964285 0.4765438988095237 0.07428850446428577 0.07998511904761904
0 0.967933872767857 0.4853794642857142 0.05964006696428559 0.11439732142857147
0 0.8442374465811966 0.9182069088319089 0.034054487179487225 0.04095441595441601
0 0.8816306089743592 0.9673967236467237 0.1355502136752138 0.06098646723646723
0 0.8861378205128206 0.9442485754985755 0.03372061965811959 0.03694800569800568
0 0.9776945153061224 0.820812074829932 0.03922193877551017 0.06207482993197277
0 0.9793765943877552 0.7842474489795919 0.038121811224489835 0.06207482993197277
